# Date      2026_rel2 w/ GIA removed (mm)
1992.9594981674402      -13.5
1992.9845805846617      -17.5
1993.010369038207      -20.3
1993.038722377977      -21.3
1993.0621585641325      -21.8
1993.0956181759022      -22.9
1993.1187993922326      -21.3
1993.1474015832978      -20.2
1993.174658153229      -19.5
1993.2018804399058      -19.1
1993.2289436216765      -19.8
1993.2833551589763      -21.3
1993.3105184683357      -18.0
1993.3377012882097      -20.0
1993.364867009428      -22.2
1993.3920089490427      -22.6
1993.4191896455384      -21.9
1993.44636257974      -19.9
1993.472447977516      -17.4
1993.5006855125612      -18.2
1993.5278134162168      -18.1
1993.5820696424546      -18.4
1993.610129886346      -17.4
1993.636552549908      -13.5
1993.6636826886124      -11.4
1993.6908531894105      -12.6
1993.7173403876727      -13.5
1993.7451971411977      -9.9
1993.7723497827778      -5.2
1993.7994533199853      -6.9
1993.8539598654613      -9.0
1993.880998662447      -10.6
1993.9083915353044      -10.8
1993.935350227708      -8.7
1993.9625041478128      -5.9
1993.9894281943648      -9.7
1994.016836645218      -15.1
1994.0439929857139      -13.1
1994.071047942059      -11.5
1994.0983497099223      -15.8
1994.125516333902      -18.6
1994.1526968519956      -17.2
1994.1797390232427      -13.5
1994.2341474498166      -12.6
1994.2613380386758      -13.5
1994.2885068499822      -14.0
1994.3157872209192      -15.0
1994.3428242976981      -16.2
1994.3699509290948      -17.9
1994.3972291071423      -18.9
1994.4243392196456      -16.8
1994.4514580756518      -14.7
1994.505830098195      -19.6
1994.5329701594728      -15.8
1994.5601615817443      -14.2
1994.5873185510472      -11.7
1994.6145109438878      -11.2
1994.64168151684      -9.7
1994.6688159467317      -7.8
1994.6959210982823      -5.9
1994.723155334254      -5.8
1994.7501874484242      -4.1
1994.7773924426926      -3.4
1994.8046586071166      -2.1
1994.8317696502659      -2.1
1994.8861557048228      -5.5
1994.913336447894      -8.1
1994.9405196718717      -3.8
1994.9676611650839      -3.0
1994.9948062921212      -5.4
1995.0219578608444      -5.4
1995.0491547756014      -7.3
1995.0763054160186      -3.9
1995.1034890653182      -8.9
1995.130657273378      -13.3
1995.157766607479      -9.2
1995.2121523913358      -6.0
1995.2394009618881      -11.0
1995.2664825876113      -10.4
1995.2936580245607      -9.7
1995.3207666607566      -10.6
1995.3750949214912      -11.9
1995.4024152947918      -11.4
1995.429530326318      -9.1
1995.4566723741218      -10.7
1995.4837667294846      -13.5
1995.5381400030003      -14.0
1995.565305739214      -11.4
1995.592473645767      -10.2
1995.6196505983075      -6.8
1995.6468015497783      -6.3
1995.673760416545      -4.8
1995.7011458981165      0.8
1995.728291775883      7.0
1995.7554866610005      2.0
1995.7826021904295      1.0
1995.8369802968457      1.2
1995.8641442747307      -0.2
1995.8899009141087      3.0
1995.9456381738494      -1.0
1995.972788398959      1.8
1996.000136744177      -1.9
1996.026901978914      -4.7
1996.0533526991035      -6.8
1996.0812502243632      -8.0
1996.1082465334068      -5.1
1996.1627935358501      -4.6
1996.189615097798      -7.5
1996.2155657709957      -7.4
1996.2438142255162      -6.3
1996.2708863027278      -8.9
1996.2979786768458      -8.8
1996.3250751875464      -8.3
1996.3521607530427      -5.6
1996.379259730801      -6.8
1996.4063485248857      -6.0
1996.4333679474203      -9.5
1996.487628615929      -9.0
1996.5147386939216      -7.3
1996.541834438693      -3.9
1996.5690214448923      -1.5
1996.5960522154614      -3.8
1996.6232171784409      -4.4
1996.650192453346      -2.3
1996.6772704880198      -3.5
1996.7039660447092      2.1
1996.7321005992958      5.7
1996.7585011267583      6.6
1996.8127301097304      9.4
1996.8398250605933      12.1
1996.866933659061      8.7
1996.8940308353679      2.7
1996.9210999726786      2.2
1996.948185125717      2.3
1996.9749684077694      -2.3
1997.0023819818007      -2.3
1997.0295479418355      0.7
1997.0567188258578      -2.4
1997.0838272740566      -2.7
1997.1382141909726      -3.1
1997.1653709517013      -2.6
1997.192543655964      -4.7
1997.219663943243      -5.0
1997.2468701562348      -2.6
1997.274046017838      -4.3
1997.3012596993624      -6.8
1997.3284172137296      -3.7
1997.3554859999645      -1.3
1997.3828039318466      -3.7
1997.4098205867997      -3.5
1997.4641996619773      -6.9
1997.4913674208865      -3.7
1997.5185333003867      -1.5
1997.5457078293282      2.8
1997.5728188450046      1.9
1997.6271893729604      4.7
1997.6543773630494      7.2
1997.6813666780718      9.5
1997.7087086993145      13.4
1997.7358529561009      13.9
1997.790197355957      11.3
1997.8173642696277      13.9
1997.8445300043727      14.3
1997.871714971222      8.6
1997.898699380928      7.1
1997.9259421271124      7.2
1997.953212009981      4.0
1997.9803469364385      6.1
1998.0075202611513      3.5
1998.03466012492      5.4
1998.08903679567      2.6
1998.116197673234      2.4
1998.1433579786647      0.8
1998.1705182555127      -0.4
1998.1976828668653      0.9
1998.2248558167475      0.9
1998.251987255903      -1.2
1998.2791959005224      0.5
1998.306353028242      1.0
1998.3335128334593      -1.3
1998.3606313884875      -2.3
1998.4147348263075      -6.6
1998.4421285474837      -5.4
1998.469346326569      -4.7
1998.496525976334      -1.8
1998.5236889937341      -2.8
1998.5507717620633      -4.8
1998.6051872920086      0.0
1998.6323451463486      -0.3
1998.6594607516895      3.2
1998.6865985722939      3.3
1998.7138456581204      3.3
1998.74101414957      3.2
1998.7680250208587      4.4
1998.8226025400468      7.8
1998.8496819069426      4.6
1998.8768372460104      4.5
1998.9038474244428      0.7
1998.9311784043016      5.0
1998.9583458194434      3.3
1998.9855221182977      1.9
1999.0126723659334      -0.6
1999.0397811473465      1.2
1999.094172490574      -2.5
1999.1247768247415      0.7
1999.1485038899643      -3.6
1999.1756622937176      -6.1
1999.2028545405303      -5.6
1999.2299854737203      -2.4
1999.2571627121897      -4.7
1999.2842684245732      -5.7
1999.3386276823448      -6.7
1999.365836497603      -6.6
1999.3929944705508      -8.3
1999.4201288643342      -7.1
1999.4473801414292      -8.4
1999.4745032008575      -8.8
1999.501686702817      -7.0
1999.5288218039475      -5.1
1999.556137121612      -5.8
1999.5831829417605      -1.4
1999.6103033797      -2.1
1999.6374553667958      2.9
1999.6918261319308      2.9
1999.718964275277      8.1
1999.7460849469999      8.8
1999.773333728635      12.2
1999.8005437510142      10.7
1999.827675495264      9.4
1999.8548271203385      7.8
1999.8820588944811      10.5
1999.9079607274598      8.8
1999.9634961570819      9.9
1999.9906660302622      7.0
2000.0176642126698      4.6
2000.04490900225      7.0
2000.071980830387      7.3
2000.0990462641287      3.2
2000.1261504304487      0.1
2000.1531953475203      2.8
2000.1803102507215      1.3
2000.2074124727703      1.0
2000.2344649219579      4.7
2000.2886970041152      -1.1
2000.3159155507303      -0.5
2000.3428645786962      -2.9
2000.3699622208883      -2.0
2000.3970699425463      -1.7
2000.4241099696128      -2.2
2000.4512550168236      -3.1
2000.478339375132      -4.7
2000.5054295218779      -1.7
2000.5325562974172      2.0
2000.5867615304119      0.4
2000.6137689996583      2.7
2000.6409251410782      5.4
2000.6679708419651      4.2
2000.6950751422607      6.3
2000.7219566298058      13.3
2000.7492343987187      15.0
2000.7763653792342      14.1
2000.8033609438946      12.8
2000.8576302689328      15.2
2000.8840552437084      13.5
2000.9126523765567      13.0
2000.9389537079094      9.4
2000.9659850526286      7.7
2000.9930827693433      10.9
2001.0201634731998      11.2
2001.0745862927836      6.4
2001.1017246418885      4.6
2001.128910575016      3.5
2001.1560540288756      5.6
2001.1832183393137      9.2
2001.2103840515106      3.6
2001.2375664096141      6.5
2001.264674409933      5.4
2001.2918078246398      6.2
2001.3190441330337      4.8
2001.3462727031147      4.8
2001.3734117640117      5.0
2001.400535728584      3.6
2001.4277673964211      1.6
2001.4548887698174      1.4
2001.4821843593643      8.3
2001.5092320798265      10.3
2001.5363641705558      10.8
2001.5635938261046      8.5
2001.5906676098903      12.6
2001.6178926459625      9.4
2001.6450530954187      11.5
2001.6721971422128      14.4
2001.6993229122063      18.5
2001.7266788034908      19.4
2001.753717330767      20.6
2001.7809074951977      17.7
2001.8080534779608      16.6
2001.8352175953985      21.6
2001.8623989379091      22.7
2001.8901580904942      19.1
2001.9167239098142      14.6
2001.9552652144394      16.1
2001.9710364012171      13.6
2001.9982159334422      15.7
2002.0246690029198      10.7
2002.0525575041388      4.3
2002.080528038841      10.2
2002.1068991496047      10.0
2002.1338222272666      10.0
2002.161230953673      8.8
2002.1884637377586      2.9
2002.2155605667506      4.6
2002.242611201057      3.2
2002.2700152523385      8.1
2002.297076482068      3.4
2002.3242175749992      4.3
2002.3513859611355      3.8
2002.3785498777668      5.5
2002.4057238608086      4.7
2002.432877875309      2.6
2002.460053801313      5.9
2002.4872152990451      9.3
2002.5143872507858      7.4
2002.5415558698753      10.3
2002.5687278976327      13.4
2002.5958830604627      15.0
2002.6230530340868      17.7
2002.650219410399      15.0
2002.6773872419367      14.2
2002.7045429415216      15.8
2002.731713221437      18.8
2002.7588618945424      18.3
2002.7860582008236      21.9
2002.813223078825      25.2
2002.840384006693      18.1
2002.8675539029396      18.2
2002.8947053581805      20.9
2002.9218874778117      18.4
2002.9490413531353      17.4
2002.9762133225818      14.6
2003.0033677684235      12.6
2003.030541529158      11.1
2003.057635386403      16.2
2003.084838086258      15.0
2003.1120436533884      17.0
2003.1392110760319      11.2
2003.166419115821      9.1
2003.193530452423      11.0
2003.220694949273      11.5
2003.247852903609      10.4
2003.2752488092426      9.8
2003.3021992135311      7.5
2003.3293738987095      8.4
2003.356516746502      9.4
2003.3836997251542      9.5
2003.4108680420195      9.2
2003.4380269618093      7.1
2003.4652026496112      8.7
2003.4923609087318      6.8
2003.519527993836      8.1
2003.5466895756308      13.1
2003.5738624291473      12.5
2003.6010290730712      14.2
2003.6282031961941      12.5
2003.6553588144589      16.5
2003.6825272869323      19.9
2003.709698478047      20.8
2003.7368589540729      21.4
2003.7640546954515      24.2
2003.7911975078773      22.5
2003.8183644720725      22.5
2003.84553155044      21.2
2003.8707928734405      19.9
2003.9109846725987      17.7
2003.9270281657666      20.8
2003.9541989620877      19.1
2003.981360973302      14.7
2004.0085000472595      14.6
2004.0355911250444      18.8
2004.0626019940187      17.6
2004.0897789065018      15.0
2004.1131373618432      8.9
2004.1483665836026      12.9
2004.1710480549334      13.1
2004.1981376355154      12.4
2004.2252289239013      12.3
2004.250674739569      13.7
2004.2794143420188      11.7
2004.3065081065586      14.8
2004.3335934867434      9.9
2004.3606910469923      9.5
2004.387781628691      8.1
2004.4148740319113      12.0
2004.4419685817802      11.4
2004.4690672364359      10.5
2004.4962178145895      14.9
2004.523242571221      15.4
2004.5503417500413      14.6
2004.5774318050358      12.7
2004.604510416274      15.3
2004.6316128708843      19.1
2004.6587066395455      20.2
2004.6857938037124      22.8
2004.7128996479807      26.8
2004.7399795595911      23.5
2004.767074666466      24.9
2004.7941418700525      26.6
2004.8213040628398      25.0
2004.8483484926508      25.2
2004.8754368031823      25.2
2004.9023962511792      19.7
2004.9296145509184      21.7
2004.9567854063384      22.0
2004.9838164543048      27.0
2005.010937022435      20.7
2005.0381021971075      18.9
2005.0652672917374      20.4
2005.092424454083      18.7
2005.1195968349864      19.7
2005.1468737077896      18.6
2005.1739263778268      22.3
2005.2010942160448      20.6
2005.2280667113985      14.7
2005.2554164735232      15.3
2005.282586407585      19.5
2005.3097566677006      16.1
2005.336914682061      17.6
2005.3640819868056      17.2
2005.3912525039693      16.2
2005.418420089139      17.0
2005.4455798132872      17.9
2005.4727476784958      18.4
2005.499917420888      17.8
2005.5270843419712      21.0
2005.5542510306946      18.0
2005.5815596448729      20.8
2005.6085471813306      19.4
2005.635818916168      21.7
2005.6629172270611      25.0
2005.6900854745254      26.8
2005.7119645035357      26.9
2005.7492579189054      28.7
2005.771570424723      30.0
2005.7987496971107      28.4
2005.8259219466004      29.0
2005.8530854590003      31.6
2005.8802394602976      30.3
2005.9074150826455      28.7
2005.9345869342462      27.9
2005.9617499091385      27.7
2005.9889140696462      26.9
2006.0160804718835      23.5
2006.0432421375692      19.0
2006.070401739702      20.5
2006.0975799038833      20.5
2006.124741538732      18.9
2006.1519037289659      18.6
2006.179073037186      19.9
2006.2062330559015      14.9
2006.233398067603      18.4
2006.2605663878787      16.9
2006.2877328983507      16.1
2006.3149155806032      15.6
2006.3420671581075      16.3
2006.3692270423142      19.8
2006.3963332369353      20.2
2006.4235648960662      19.4
2006.4507337495922      19.5
2006.4779007258937      19.3
2006.5050806283978      21.3
2006.5322181781344      22.4
2006.5594017228111      22.1
2006.586556861011      21.7
2006.6137351945351      20.4
2006.6409065092123      25.2
2006.6680670459991      29.3
2006.695228942781      30.0
2006.722442127023      32.0
2006.7495660703887      31.5
2006.7767342795466      32.5
2006.803893368525      32.6
2006.8234701797671      31.7
2006.8878000724435      29.9
2006.9125710586584      27.9
2006.939395820949      31.1
2006.966897290173      28.4
2006.99407271049      26.5
2007.0212258944102      22.5
2007.048411550785      19.4
2007.075556622512      21.8
2007.102719314968      20.8
2007.1298861476093      19.9
2007.157056438283      21.7
2007.1842093671942      18.8
2007.2113407841114      19.7
2007.2385520326611      19.7
2007.265711862705      22.4
2007.2928791103009      22.5
2007.3200540036084      20.9
2007.3472207761745      15.2
2007.3743821973333      19.9
2007.401572387701      21.2
2007.4287143528406      20.0
2007.4559040554316      17.0
2007.4830493468683      17.3
2007.510211878006      18.3
2007.5373773268677      17.9
2007.5645503605535      18.3
2007.5917198481882      20.9
2007.618860373188      26.0
2007.6460418131026      24.3
2007.6732109911147      23.6
2007.7003770016897      25.6
2007.7275410850878      31.4
2007.7547148714268      31.1
2007.78186350308      29.8
2007.8090389159147      30.5
2007.8362183281517      27.9
2007.8633770759911      31.0
2007.8905465112864      34.7
2007.9177179891612      33.1
2007.9448737049931      29.9
2007.972122361641      23.7
2007.9992078319274      24.1
2008.0262986032924      24.8
2008.0534044999222      26.7
2008.0804777139      25.4
2008.1075784563573      22.6
2008.1346643100414      23.2
2008.1617565675758      19.6
2008.1888495428566      22.4
2008.2159449064477      22.9
2008.2430366724336      20.7
2008.2701289454342      19.9
2008.297199053655      20.8
2008.3243093027809      20.2
2008.3447324999565      19.9
2008.378504058335      25.7
2008.4055829069362      26.4
2008.4326729143936      24.5
2008.4597643744262      23.5
2008.4868606154598      25.2
2008.5139584288697      26.6
2008.5414108473012      25.3
2008.5681250736372      25.4
2008.5953542758207      25.5
2008.6223102750341      28.9
2008.649125620555      28.8
2008.6764381201776      30.0
2008.7035732862405      29.5
2008.7306748137025      32.8
2008.7577665745828      33.7
2008.784860706786      34.5
2008.8119525194477      34.7
2008.8390436716008      32.8
2008.8661370357293      33.8
2008.8932308585117      32.0
2008.920318691068      35.2
2008.947381450991      30.4
2008.9745073394959      28.0
2009.0016068545626      28.9
2009.0287705366748      28.8
2009.055938517643      28.5
2009.0831012271772      26.3
2009.1102693514881      23.5
2009.1374343292553      25.1
2009.164600633072      26.3
2009.1917695871032      26.0
2009.2189365042104      26.5
2009.246109103331      26.2
2009.2732688954973      25.9
2009.3004325565248      26.3
2009.3276051757696      25.8
2009.3547412914347      24.9
2009.3819299674274      24.2
2009.4087587911333      23.6
2009.4361931056792      25.4
2009.4634222634315      26.2
2009.4905904801526      25.0
2009.5177593447092      24.1
2009.5449287128365      27.2
2009.5720923766066      32.0
2009.5992582420895      30.5
2009.6264280678454      32.5
2009.653590854211      34.4
2009.6807599447006      36.6
2009.7079240497612      39.9
2009.7350876574926      39.9
2009.76225394717      39.8
2009.7894164817806      40.6
2009.816586609805      42.1
2009.8437520158766      42.2
2009.8709185977104      38.0
2009.8980889233533      39.1
2009.9252506174219      36.2
2009.9524042359621      33.9
2009.9795878870482      37.7
2010.006752576116      33.6
2010.0339228361204      32.5
2010.0610836607705      30.9
2010.0882503277605      26.9
2010.115415837009      30.4
2010.1425986034528      32.7
2010.1697461102124      35.7
2010.1969171698331      28.9
2010.2240856277954      29.0
2010.2512513880897      28.2
2010.2784157910444      30.7
2010.3055857664126      30.3
2010.3327499171917      27.3
2010.3599128493026      27.8
2010.387076835276      31.3
2010.4142394195371      31.0
2010.4414076659782      31.6
2010.468571272396      32.1
2010.4956818495598      32.3
2010.5229070476057      31.7
2010.5500744039277      33.6
2010.5772410467998      32.5
2010.6044089259249      32.4
2010.6315720811788      34.3
2010.658738628684      31.4
2010.6859075921336      34.2
2010.7130656882402      34.9
2010.740235664443      34.7
2010.7674026355007      35.7
2010.7945785053932      38.9
2010.8217335303457      36.9
2010.8489012839027      35.5
2010.8760735140263      35.8
2010.9032338010145      31.5
2010.9304059493995      31.3
2010.9575684845984      30.6
2010.984736173583      32.0
2011.011899427033      28.2
2011.039067260987      27.3
2011.0661684145757      28.3
2011.0934010390488      27.1
2011.1205668199254      26.2
2011.147727189727      25.7
2011.1748981528076      26.4
2011.202063165996      26.4
2011.2292340041558      22.8
2011.2563939533077      25.0
2011.2835680037988      24.0
2011.3107343662875      23.5
2011.3378961049914      20.6
2011.365060419142      24.9
2011.3922244299786      25.7
2011.4193871954335      25.7
2011.446551584801      27.2
2011.4737194085258      29.9
2011.5008758652493      28.4
2011.5280585679309      28.6
2011.5552255708403      28.8
2011.5823878904469      30.8
2011.6095549269608      35.3
2011.6366612050358      37.1
2011.6638854942723      37.7
2011.691050765237      37.0
2011.7182162497081      37.1
2011.7453836224302      40.1
2011.7725467644204      41.9
2011.7997109783723      44.0
2011.8268827976992      38.8
2011.8540456423873      37.4
2011.8812196668832      38.4
2011.9083827907832      41.3
2011.9355502531032      39.4
2011.9627169670687      39.0
2011.9898862361335      37.3
2012.017002463985      38.7
2012.0440912633107      37.7
2012.0711788465458      38.5
2012.098214691441      37.3
2012.1253678405378      37.8
2012.1524579445102      35.5
2012.1795552707258      34.5
2012.2066265830326      34.4
2012.23373965057      36.1
2012.26083422585      34.2
2012.2879279180752      34.5
2012.3150168204581      34.0
2012.3421108378848      34.4
2012.3691996065854      35.9
2012.3962873427213      35.1
2012.4233830054836      34.6
2012.4504702445904      39.4
2012.477566246975      38.3
2012.5046634884407      38.6
2012.5317536104537      42.7
2012.558844002845      45.1
2012.585932694171      44.1
2012.613025560212      45.4
2012.6401147145193      42.5
2012.667207478656      47.4
2012.6942970331208      47.0
2012.7213896198136      51.1
2012.7484209528673      51.4
2012.7755707400584      52.9
2012.8026576879683      50.3
2012.829763557068      50.2
2012.8568540220147      51.1
2012.8839466450047      50.4
2012.9110389041564      48.5
2012.9381260571095      50.8
2012.965216982476      46.8
2012.992309476044      46.7
2013.0194573242215      45.5
2013.046622467452      44.6
2013.0737765690733      46.1
2013.100950450995      44.8
2013.1281206453552      42.5
2013.15529059668      43.8
2013.1824745245765      45.2
2013.209622971501      42.9
2013.2322953866908      39.9
2013.2683839342697      42.3
2013.2911198685413      38.9
2013.3182914572083      41.9
2013.345441539686      42.3
2013.3726153216642      39.5
2013.399784499321      38.4
2013.426944763821      38.4
2013.4540899929264      38.2
2013.4812803153873      40.2
2013.5084491634855      39.8
2013.5356136551131      40.4
2013.5627800737968      43.1
2013.589946950135      44.1
2013.6171088790668      40.8
2013.644277356521      42.6
2013.6677231336444      46.6
2013.704757536361      46.2
2013.725769412636      47.8
2013.7529400507924      49.5
2013.780106813239      50.1
2013.8072757705688      53.3
2013.8344427870654      54.4
2013.8616127259838      52.5
2013.8887577883074      50.6
2013.9159353175285      49.4
2013.9431023676636      45.1
2013.9702691908317      45.7
2013.997434011152      46.4
2014.0246009752514      45.3
2014.0517644438792      45.4
2014.0789342537355      43.9
2014.1060987732562      45.0
2014.133267869936      46.8
2014.160445576394      46.8
2014.187582410656      46.1
2014.2147688765267      45.0
2014.241937452022      44.4
2014.2691024132855      43.8
2014.2962674384157      43.5
2014.3234295901307      40.7
2014.3505989417076      40.5
2014.3777605085659      40.7
2014.4049299036674      41.7
2014.4320740026587      41.5
2014.4592594294063      43.3
2014.4864091296347      45.2
2014.5135869419998      46.5
2014.5407662998066      47.3
2014.5679260548034      45.7
2014.5950893869958      49.1
2014.622256824698      52.3
2014.6494206656519      53.8
2014.676587378386      53.4
2014.7037510386904      54.7
2014.7309218330442      52.9
2014.7580862079017      55.4
2014.785253173322      58.9
2014.8124170384574      58.4
2014.8395927490594      55.5
2014.8667529742754      54.7
2014.893919993037      50.6
2014.9210663845713      51.6
2014.9482531029194      58.6
2014.9754163738485      54.2
2015.002580129194      49.3
2015.0297536591033      51.8
2015.0569180781104      51.1
2015.0840865459863      53.1
2015.1112524369212      52.9
2015.1384208274142      55.3
2015.1655855771755      54.3
2015.192752063799      52.2
2015.2198836499654      51.1
2015.2470780320848      52.7
2015.2742501582775      53.6
2015.3014103730318      52.8
2015.328578947247      51.9
2015.3557460862912      49.7
2015.382913796524      48.7
2015.4100785890325      51.7
2015.4372395134596      52.7
2015.464383133412      54.0
2015.4915736806931      55.6
2015.5187408515576      54.4
2015.545905370651      56.2
2015.5730714203528      57.6
2015.6002373286574      61.1
2015.627400084061      60.1
2015.6545676440278      65.9
2015.681736976344      67.4
2015.7089019740597      66.5
2015.7360677482548      68.1
2015.7632350246313      69.5
2015.7903995241388      70.6
2015.8175706431246      72.2
2015.8447345191505      68.5
2015.8718962393245      64.5
2015.8990643635796      66.7
2015.926231541566      65.1
2015.9533954326075      62.7
2015.9805430729782      61.0
2016.0077140830901      57.0
2016.0347998930963      60.8
2016.0618641108265      63.9
2016.0889814825073      59.4
2016.116078168252      61.8
2016.1431713664183      60.3
2016.1702618934721      60.4
2016.1973558242448      59.0
2016.224447967376      61.7
2016.2515148574864      59.1
2016.2786384640067      58.6
2016.3056178426273      56.0
2016.3329008282192      54.9
2016.3598698545695      54.8
2016.387045216639      54.6
2016.4140768811324      57.1
2016.4411732658245      56.5
2016.4682627928223      58.3
2016.4953526704146      57.3
2016.5224427714893      57.3
2016.5495351770433      57.8
2016.576625490174      56.2
2016.6037128006606      56.9
2016.6308063283168      57.1
2016.657903631029      62.2
2016.684999663976      64.9
2016.7120891472964      66.0
2016.7391744353454      65.0
2016.7662654972564      63.8
2016.793361214313      67.3
2016.8204569619784      67.4
2016.847542490969      68.7
2016.8746375573696      69.3
2016.9017194806156      72.0
2016.9288207472039      67.5
2016.95591474558      64.3
2016.9830041453276      62.6
2017.0101255040208      60.8
2017.0373001768608      61.6
2017.0644588878374      59.7
2017.0916255350273      57.2
2017.1187959271738      56.1
2017.1459513849272      56.4
2017.1731210533972      57.3
2017.2002874665718      57.1
2017.2274543696833      57.8
2017.254619627904      59.1
2017.2817865613931      56.6
2017.3089433473442      56.4
2017.3361154611332      55.9
2017.3632869350618      56.0
2017.390450280892      52.4
2017.4176105275178      55.0
2017.444784503233      55.1
2017.4719509549      55.2
2017.4991214064396      56.3
2017.526278547851      57.5
2017.553447261956      58.2
2017.580611813582      62.8
2017.607774165684      61.8
2017.634944074486      62.7
2017.6621103130328      65.2
2017.6892868285709      68.5
2017.7164685721634      69.3
2017.7436105735933      67.2
2017.7707775649894      67.9
2017.797946035336      69.2
2017.8251019007769      71.1
2017.8522749742517      72.8
2017.879440422507      71.6
2017.9065772931863      71.8
2017.933774667493      70.1
2017.9609405648362      69.2
2017.9881064910342      65.0
2018.0152753803186      64.1
2018.042438147711      64.0
2018.0696048812056      64.0
2018.0967744424513      63.7
2018.1239395420807      59.7
2018.1510710249684      57.9
2018.1782680038154      61.5
2018.2054342092906      61.2
2018.232600358276      59.1
2018.2597639856965      56.5
2018.2869304777234      58.1
2018.3140963037674      58.6
2018.3412675629972      58.8
2018.3684314476995      58.4
2018.3955714634408      57.1
2018.4227674749836      58.4
2018.449939663436      58.1
2018.4770937700962      58.3
2018.5042627111452      59.7
2018.5314287534698      62.6
2018.558593799486      64.0
2018.5857660192942      63.3
2018.6129275296428      65.0
2018.640097548901      66.3
2018.6672818360232      68.8
2018.6944230047156      73.1
2018.7215920952353      72.2
2018.7487575260145      76.2
2018.7759219215268      74.2
2018.8030865392843      75.8
2018.8302531918916      77.7
2018.8574216106445      75.2
2018.8845887145778      72.9
2018.9117428214126      70.5
2018.938922101861      70.6
2018.9660926553122      70.0
2018.9932554018785      69.4
2019.020420454779      67.2
2019.0475857227746      71.4
2019.0747555596752      67.3
2019.1019202807379      68.4
2019.1290920373358      67.3
2019.1452885130293      66.7
2019.1867018932846      66.8
2019.2105809601937      68.6
2019.2377519218244      66.5
2019.2586592122334      67.4
2019.2920920952931      65.1
2019.3192488110747      67.3
2019.34641556519      69.0
2019.3735816508638      65.7
2019.4007152626466      64.2
2019.4279096221146      63.9
2019.4550736621748      68.6
2019.4822417314406      68.1
2019.5094077294145      69.5
2019.536574027999      69.2
2019.5637403830378      69.7
2019.590903835468      71.1
2019.618048951033      75.6
2019.6452396361506      78.1
2019.6724074759186      77.5
2019.6995739113913      79.2
2019.726744300225      79.6
2019.7539041965458      78.5
2019.7810734238824      80.8
2019.8082347577497      80.0
2019.8354026868171      78.3
2019.8625680698192      81.3
2019.889707298732      79.3
2019.9169040618349      78.8
2019.9440739062711      78.8
2019.9712363724034      76.4
2019.9984051736444      73.2
2020.0255024829062      69.0
2020.0525945037584      68.4
2020.0742968010684      70.3
2020.1338703481595      72.2
2020.1609292582425      69.0
2020.1880485427998      70.6
2020.2151411126465      67.1
2020.2422302530244      69.1
2020.2693290546526      70.4
2020.2964153235494      67.4
2020.3235113008382      67.2
2020.3506045262093      69.0
2020.377698738637      69.0
2020.404778729306      69.4
2020.4318765051696      70.0
2020.458054266282      68.1
2020.486060561383      70.2
2020.5131581604023      70.2
2020.5402437254934      72.1
2020.5673383555672      73.5
2020.5944311837843      74.3
2020.6215393133336      73.0
2020.6486145864403      75.8
2020.675686565849      78.3
2020.702796411472      79.2
2020.7298881156682      80.0
2020.7569793098178      82.5
2020.7840713390112      83.4
2020.8094056211721      82.7
2020.8391299199097      85.0
2020.8653496848422      82.8
2020.8924168829442      78.7
2020.9195340864878      81.2
2020.946623207321      78.6
2020.973717175761      77.9
2021.0008129313703      77.7
2021.0279771345604      78.1
2021.05514151939      77.8
2021.082308326888      78.1
2021.109471855698      74.0
2021.136612109189      71.5
2021.1638063954686      70.2
2021.1909743917447      71.5
2021.2181447715627      72.9
2021.2452992889757      75.3
2021.2724704878135      75.1
2021.2996401091261      74.9
2021.3268057856394      71.0
2021.3539696982139      72.9
2021.3811070671582      74.4
2021.408300182187      73.1
2021.4354674233637      70.2
2021.4626353195008      73.6
2021.489800191145      74.1
2021.516967928492      76.0
2021.5441362123279      75.6
2021.571300485716      79.1
2021.5984643780482      81.1
2021.6256280716686      82.6
2021.652785401126      79.9
2021.6799603692912      82.7
2021.7071291782004      86.4
2021.7342940242977      86.4
2021.7614608632416      87.6
2021.7886287738802      88.2
2021.8157934950289      89.8
2021.842961592764      87.6
2021.8701298696853      85.0
2021.8972657333957      87.0
2021.9244578926337      88.0
2021.9516293717072      82.5
2021.9787928924657      80.3
2022.0059573900714      81.6
2022.033122892604      83.1
2022.060356301805      82.6
2022.0874286257101      79.3
2022.1146225150326      79.9
2022.1417577919713      75.6
2022.1689548192526      74.4
2022.1961229778392      77.2
2022.2232862009976      76.1
2022.2504545670486      76.6
2022.304788833576      74.8
2022.331963734485      77.1
2022.3591262910409      75.2
2022.386288202005      74.9
2022.4134541645005      73.2
2022.4406238438405      75.6
2022.4677864994987      74.5
2022.494951813361      77.5
2022.5221285667337      80.5
2022.5493286600488      82.6
2022.5764512287108      80.3
2022.603625131848      78.4
2022.630795364749      81.6
2022.6579496541133      83.6
2022.6851202010841      86.8
2022.7122819409478      88.0
2022.7394479629088      89.6
2022.7666157403003      89.6
2022.7937803166408      89.7
2022.8209466229212      89.1
2022.8481126577872      91.4
2022.8752788835907      86.3
2022.9024450276543      86.1
2022.9296089080874      83.1
2022.95677736185      87.8
2022.9839435982074      87.3
2023.011117425116      84.9
2023.038275740488      85.2
2023.0654416572386      84.1
2023.0926114611887      81.4
2023.1197741716178      80.6
2023.1469374042927      80.6
2023.1741118571606      81.7
2023.2012726373982      82.1
2023.2284386761232      79.5
2023.2556119243131      77.2
2023.2827709755618      75.6
2023.3099208236679      79.6
2023.337103829165      80.2
2023.3642724934225      82.7
2023.3914355524662      81.4
2023.4186110652893      81.2
2023.4457678438712      80.5
2023.4729195236866      82.0
2023.5000984804315      84.5
2023.5272660220026      87.1
2023.5544163320867      86.6
2023.581598554847      89.0
2023.6087647134418      91.7
2023.6359162111683      91.0
2023.6630972366872      94.5
2023.6902633034404      93.5
2023.7174147033838      97.6
2023.74459548731      99.5
2023.7717616820935      102.4
2023.7989283974591      104.8
2023.8261085404342      99.6
2023.8532601625725      99.9
2023.880416953812      97.6
2023.9075923412624      94.2
2023.9347585507476      95.5
2023.9619158115934      95.7
2023.989090923102      95.4
2024.016202134626      94.7
2024.0432898789336      92.8
2024.0703963666804      92.3
2024.0974883602262      89.2
2024.124569934558      91.7
2024.1516722514912      92.3
2024.1787640109967      89.8
2024.2058470728994      92.3
2024.23294792432      90.6
2024.2600398448794      87.6
2024.287126887409      86.9
2024.3142239029034      86.8
2024.3413107576544      86.5
2024.3684092337571      87.7
2024.3954995358117      88.3
2024.4225913518494      89.2
2024.449682653702      89.0
2024.4767753475662      86.6
2024.5038672435558      88.0
2024.5309634278362      88.7
2024.5580511044054      86.4
2024.585146072924      86.8
2024.6122388463639      87.3
2024.6393267687945      91.9
2024.6664186657038      93.0
2024.6935121572374      95.1
2024.7206026519025      93.4
2024.7476926224151      95.5
2024.7747889054049      99.5
2024.8018783968346      98.7
2024.828970336379      95.7
2024.8560656327218      97.2
2024.8831541289937      98.0
2024.910246107926      96.5
2024.9373421855692      94.6
2024.964429908273      97.4
2024.9915217828152      95.9
2025.018669708955      93.8
2025.0458309234066      90.8
2025.0729971150874      88.8
2025.100165497953      88.1
2025.1273293270199      91.5
2025.1544954482788      90.4
2025.1816659011188      89.1
2025.2088276833076      89.5
2025.2359940124536      87.0
2025.263164074759      88.2
2025.2903262359966      86.6
2025.3174923584422      85.7
2025.3446679604813      87.7
2025.3718100867188      85.7
2025.3989908799      87.6
2025.4261664080293      86.6
2025.4532748916588      86.0
2025.480473264446      85.9
2025.507333795344      84.3
2025.535089107444      86.4
2025.5619728779352      86.8
2025.5891587149613      91.9
2025.6163199881878      92.6
2025.6434862029216      92.7
2025.6706617131586      93.2
2025.6978185535093      95.2
2025.725083339092      97.3
2025.7521610827375      98.6
2025.7793169294685      98.4
2025.806470458383      98.4
2025.833649256171      103.7
2025.8608154441938      99.9
2025.8879816518293      99.6
2025.9151478127044      99.1
2025.9423138965144      98.1
2025.969479844635      95.8
2025.9966555074607      92.8
2026.023812189992      94.9
2026.0509785432912      93.9
2026.0781587023534      93.7
2026.105310636129      94.5
2026.1324537390221      92.7
2026.159643015118      91.1
2026.1867999789254      93.4
2026.2139694172631      90.5
2026.241141577574      88.1
2026.2683076904507      88.0
2026.2954753973884      86.1
2026.3226397641954      88.5
2026.3498060829563      90.4
2026.3769680148189      90.4
2026.4041384054058      93.6
2026.4313044389621      93.1
2026.4584679334152      91.4
2026.4856367704842      94.1
